RMS_I: 3.2811904732664074kA
RMS_U: 6.837921021615304 kV