RMS_I: 1.4281984751978074kA
RMS_U: 3.211617550463138 kV